$ANSIBLE_VAULT;1.1;AES256
30323466353639383965353835386134616330666238643163663537393265333337343466323362
6439303134653638666165333234373365633632303061370a343666323833383264313965363432
30653766653961393137663736656464663231363331623761636533366361396662343434613137
3732396530326234380a633837653734386262353365396230643163306664353539356461323961
61366534376539313739646665653136313666396665386662396565343037656638373961373736
62373836326131363161383639356465363438643639353739323664636266633665323037323135
30363464306433303935316333613161336630376532396434653532326166343037653135323464
31313339316436626331653135313232313563356363323931363037366537323731613866396662
35623338303461653131333861376339653465313562633731323131663464316531396137346439
33393366666464366433653130366463353032633465646537656638636162383364383130643766
36336435323764373238663261316562646437323338633537316366663739646437613338643862
63396163373032656463633232393931633931653862386163653337623136346630363662323165
38343163363937386665356433313136613234383662383930626538376166393036313537626435
36366162666533346530633737353139306336383433396336373261343433666338333437616339
33383162396463303366613030376133303639623339363761333564616563646661653366313266
36383633666637613366613563636231303639366532316163393234376465653932623533636236
62336639356566623832313365346163316166653039376637353035376233383061666662306561
36353065653862633533396664363963323133643432646237623664623266316238343738623331
38633762383836353831633962393432343833316638313764323831353138626637653661666332
36633536383638343263363930353538343564623833333735346636333035306661623032626162
36666237343039373137373131393932623934633231393762643463356337383839666133326434
35313762626666313734353062666633316637623438396336383434616635646663646462386366
65393738623662326332623836366634376530343964303830613433633833393930613930326537
65336563613066366231
