$ANSIBLE_VAULT;1.1;AES256
36363562616437353766653138616431363238356363366365393562333435336165366536666137
3436613131623564316537363133343638383462613330390a386161656138623665353135663266
62613763393334636636356666656462346165393132326334613063303530313862353936303062
3866336663366238630a316631383832346336613435393061356461376264373337663565343864
63306538366236646537366261643366656166613862613162623332616438303961346162313036
32396561653639333939303662303062636564376235346330393664366138396464653461353239
32343632616664643334636137303233386131333461386136383163363565393737653937633237
38356366613439366363626165363436616465316638356364646639313238663064346239363836
32646165646462356565386137643961653062663934323437393238366133623064633665613237
33666136613732383837313638396438323537303236633463623135333934623563303664663132
65626663333430666161663731653132376430346534363561366631323437356335363938333365
34313962336330333234393433373166316434613032636532666537366130303965393533623939
36353037633038626136633431353361306532316564366435643039373736386165313130386366
66346332346630633832663839333739336532366164303363656134653163633064343262636639
38363765646431333136363435613164316136396263623264393138303064353733333833396564
62633231376532336131343565353737386366313265623435343635613736356466366462643764
33376230313063613136323235363430396663643331653936646535643339383166373236633064
33383731303439643762313630373864313637343138646138626163333330326638316333313065
34626661356462663336343461363036633563326566646163613836656334356238643733383032
36386665303432316532623835356630666439633639396365396562323735393536646236323539
64616432613239393738346239386465626262376130343537363230383931343561393832343632
35316564363635666534326139303961326439303638666636396564383464613036386161653562
37323232346434363062646164373836653934306332653064626233333165333333313538303934
34633266346262376532
